"Gene"	"C_0_vs_1_pval"	"C_0_vs_1_logFC"	"C_0_vs_1_pct1"	"C_0_vs_1_pct2"	"C_0_vs_1_adjpval"
"Cd274"	0	-1.1999484788031	0.369	0.808	0
"Fth1"	0	-1.41701030500321	1	1	0
"Mmp12"	0	-3.05123054818861	0.163	0.635	0
"mt-Atp6"	0	0.979029607613066	1	0.984	0
"mt-Co2"	0	1.02899053273742	1	0.982	0
"mt-Co3"	0	0.97757682779721	1	0.981	0
"mt-Cytb"	0	1.30966079383546	0.999	0.93	0
"mt-Nd1"	0	1.20548786503441	0.975	0.767	0
"mt-Nd2"	0	1.03931318644522	0.944	0.697	0
"mt-Nd4l"	0	1.38466404156726	0.993	0.833	0
"Esd"	1.77917789014552e-315	-1.02053214042876	0.869	0.957	2.23891745695912e-311
"Man2b1"	4.62647202518876e-299	0.887887505164929	0.849	0.501	5.82195239649753e-295
"Hilpda"	4.3211826373732e-295	-1.49084282108445	0.426	0.802	5.43777623087044e-291
"Eif1"	3.91514419165421e-293	-0.724583077310105	1	1	4.92681745077766e-289
"Nos2"	4.00373113985608e-293	-1.39461753741456	0.175	0.574	5.03829526639489e-289
"Sod2"	2.20901667471907e-292	-1.44891747140249	0.514	0.757	2.77982658346648e-288
"Grina"	5.76506428176552e-287	-1.18808687991573	0.874	0.981	7.25475689217373e-283
"mt-Nd4"	1.94178101321245e-286	0.87048078583596	0.938	0.716	2.44353722702655e-282
"Ninj1"	5.2477073569409e-280	-0.923751452716522	0.77	0.956	6.60371493797443e-276
"mt-Nd3"	5.89554649424348e-273	0.910815106214937	0.752	0.377	7.41895570835599e-269
"Cstb"	6.47923136999472e-270	-0.745711523279314	0.981	0.996	8.15346475600136e-266
"Il1rn"	2.06503808348417e-269	-1.62603733165162	0.577	0.85	2.59864392425648e-265
"Pld4"	5.14930053543862e-268	0.863837925267611	0.846	0.529	6.47987979379596e-264
"Inhba"	6.10344858606671e-265	-1.68418788390828	0.047	0.36	7.68057970070635e-261
"Plin2"	5.68139718787403e-260	-0.982751645441252	0.867	0.972	7.14947022122067e-256
"Mif"	8.80492755401636e-253	-0.74165326178046	0.981	0.994	1.10801208339742e-248
"Ftl1"	7.18508390540949e-252	-0.734757296504506	1	1	9.0417095865673e-248
"Il7r"	1.66982974471651e-245	-1.00338817659057	0.285	0.641	2.10131375075126e-241
"Gatm"	2.37575559362261e-241	1.47467716145127	0.831	0.508	2.98965083901469e-237
"Slc2a1"	1.86694878986787e-240	-1.09895615549943	0.56	0.845	2.34936835716972e-236
"Tyrobp"	2.09827975549027e-236	0.480868551605677	0.999	0.997	2.64047524430895e-232
"Ccnd1"	3.21540343798239e-236	0.869672247722216	0.48	0.117	4.04626368635704e-232
"Hmox1"	3.07989325431463e-235	-1.71019635541492	0.604	0.882	3.87573767122953e-231
"Tpi1"	2.14606106744007e-232	-0.690031353879939	0.978	0.992	2.70060324726659e-228
"Lgals1"	6.59751708158704e-228	0.821274116394926	0.997	0.958	8.30231549546914e-224
"S100a6"	1.3175863864004e-227	0.830007085015297	0.988	0.979	1.65805070864627e-223
"Prdx6"	2.05723956412963e-227	-1.19283877544066	0.752	0.9	2.58883026750072e-223
"mt-Nd5"	2.55150211611958e-217	0.736324815764158	0.892	0.675	3.21081026292488e-213
"Lgals3"	2.65312290871367e-217	-0.770755153731684	0.995	0.999	3.33868986832528e-213
"Crip1"	2.65977031419277e-214	1.04327800132122	0.985	0.844	3.34705496338018e-210
"C1qc"	7.01745933917383e-211	1.8314257138883	0.675	0.474	8.83077083241635e-207
"S100a4"	1.06727584503537e-209	0.893690626000907	0.881	0.629	1.34305992339251e-205
"B2m"	4.88787341517918e-209	-0.518311525587378	0.999	1	6.15089990566149e-205
"Ly86"	1.54746806483377e-207	0.794684108133858	0.784	0.471	1.94733381278682e-203
"Ccr2"	1.67542373335038e-207	0.863843550444448	0.632	0.28	2.10835322604812e-203
"P2ry6"	3.2439369797138e-206	0.705553221103848	0.735	0.41	4.08217029527185e-202
"Psmd8"	1.09694630713318e-205	-0.782829150039012	0.776	0.902	1.38039723289639e-201
"Ms4a7"	3.19270100989568e-205	1.26764612965136	0.847	0.6	4.01769495085272e-201
"Ucp2"	5.64081335165321e-201	0.676400009858202	0.996	0.947	7.0983995217204e-197
"Adam15"	6.93585994954387e-201	0.650327661337503	0.758	0.441	8.72808616050601e-197
"Pmepa1"	1.2822849631233e-200	0.818816972176272	0.477	0.151	1.61362739759436e-196
"Ptges"	3.87519725427833e-200	-1.04661887726334	0.035	0.274	4.87654822478385e-196
"Rhov"	5.95771417387139e-195	-0.807366729542738	0.1	0.392	7.49718751639976e-191
"Ubb"	2.02260922725205e-192	-0.55698524374676	0.998	1	2.54525145157398e-188
"Grn"	4.96334262800049e-192	0.63459546260759	0.989	0.944	6.24587036307581e-188
"Ifitm2"	1.53641230659908e-191	0.72715755871549	0.992	0.893	1.93342124662428e-187
"Csf1r"	1.84945537196206e-191	0.680133833814758	0.935	0.771	2.32735464007706e-187
"Fn1"	4.36377691866177e-190	1.81494700925403	0.751	0.518	5.49137687444397e-186
"Coro1a"	6.19796584320602e-190	0.647819067362985	0.961	0.815	7.79952021709046e-186
"Tmsb4x"	1.73618568885655e-188	0.706928655991546	0.999	0.996	2.18481607085709e-184
"Ldha"	3.13234418206278e-184	-0.627703321698136	0.99	0.997	3.94174191870781e-180
"AW112010"	4.20390181827743e-184	-1.31678256131311	0.777	0.867	5.29019004812032e-180
"C1qb"	1.36810929199319e-183	1.65095167940633	0.633	0.479	1.72162873304423e-179
"Arg2"	3.92002028902554e-181	-0.706265104867982	0.331	0.655	4.93295353170974e-177
"Atf4"	5.61363205655468e-181	-0.923830177882951	0.526	0.748	7.06419457996841e-177
"mt-Atp8"	8.62414119294352e-181	1.01334068279649	0.923	0.765	1.08526192772001e-176
"C1qa"	1.25243278532995e-178	1.70340996019429	0.658	0.459	1.57606141705921e-174
"Itgb5"	4.4716539094688e-175	0.578131338327973	0.51	0.189	5.62712927967554e-171
"Cx3cr1"	1.37922627038809e-174	0.611621748031671	0.287	0.035	1.73561833865637e-170
"Slpi"	1.72739141693331e-174	-3.15019514070942	0.238	0.548	2.17374935906888e-170
"Slc7a11"	3.36668945442794e-174	-0.7962452599963	0.129	0.395	4.23664200945212e-170
"Cd200"	7.90291848152823e-173	-0.496634510772677	0.009	0.185	9.94503261715513e-169
"Otulinl"	2.13107535261526e-170	0.545134945068715	0.48	0.169	2.68174522373105e-166
"Ndrg1"	6.52941403870013e-169	-0.878794704342895	0.589	0.812	8.21661462630025e-165
"Gabarap"	9.24830436303497e-166	-0.448784739879864	0.996	0.999	1.16380662104432e-161
"Bsg"	1.35135013666793e-164	-0.638505743163246	0.93	0.973	1.70053901198292e-160
"Id2"	4.44650839048768e-162	-0.945423642581114	0.608	0.832	5.5954861585897e-158
"Cfp"	5.5315161105703e-162	0.702100073692679	0.889	0.665	6.96085987354167e-158
"Bnip3"	9.69351178716169e-162	-0.836246065983806	0.657	0.867	1.21983152329643e-157
"Lair1"	2.7046910983432e-161	0.583635078960676	0.59	0.272	3.40358327815508e-157
"Ptpn18"	5.59939753542377e-159	0.553087070788537	0.898	0.68	7.04628185857727e-155
"Sqstm1"	7.59797220741458e-158	-0.807593235281876	0.831	0.946	9.56128822581051e-154
"Arpc1b"	1.09358733076059e-157	0.477717829055261	0.999	0.992	1.37617029702913e-153
"Gusb"	4.60052106029427e-156	0.550111215633691	0.528	0.225	5.78929570227431e-152
"Ckb"	2.33026221642581e-155	0.881453281469054	0.648	0.346	2.93240197315024e-151
"Ero1l"	5.28596676021528e-155	-0.927930000210251	0.389	0.65	6.65186057105491e-151
"Lyz2"	7.14134090228083e-155	0.924622133446451	0.995	0.977	8.9866633914302e-151
"Cd38"	1.14221207511224e-154	-0.824507101111192	0.243	0.474	1.43735967532124e-150
"Atp6v0c"	1.37090836264691e-152	-0.442358024640512	0.999	1	1.72515108355487e-148
"Anxa3"	2.22758372872761e-152	0.619945580341595	0.688	0.391	2.80319136423082e-148
"Ywhah"	5.95855644640782e-149	0.643547989864739	0.902	0.746	7.4982474321596e-145
"Rnase4"	8.98724825025963e-149	0.607235691171807	0.577	0.273	1.13095531981267e-144
"Ch25h"	1.97280806244601e-148	0.96142125902826	0.338	0.081	2.48258166578206e-144
"Ap3s1"	4.85239274026381e-148	-0.599937115379948	0.466	0.693	6.10625102434798e-144
"Gm15056"	9.26468906712969e-148	-1.34234896350468	0.038	0.237	1.1658684722076e-143
"Cd81"	9.89093195696247e-148	0.824422653443768	0.725	0.466	1.24467487746416e-143
"Ssh2"	1.27709242026497e-147	0.516812816161874	0.479	0.186	1.60709310166144e-143
"H2-Q4"	5.89792717197108e-147	-0.630188959162866	0.846	0.934	7.42195155320841e-143
"Bhlhe40"	8.32501343842391e-147	-0.719350177190603	0.193	0.467	1.04761969109126e-142
"Clec4d"	6.71577013909071e-145	-0.634817714224862	0.747	0.921	8.45112514303175e-141
"Npc2"	1.17789839072645e-144	-0.516226556997298	1	0.999	1.48226733489017e-140
"Selenop"	1.52017130701812e-143	0.774971463819781	0.755	0.482	1.91298357275161e-139
"Gpx1"	1.04524757681936e-142	0.822022233413026	0.999	0.983	1.31533955066948e-138
"Ccl2"	3.59841016184533e-142	1.37516836432256	0.675	0.382	4.52823934766617e-138
"Litaf"	1.24482331949669e-141	-0.608130667389731	0.868	0.952	1.56648566525463e-137
"Alox5ap"	1.08653749602612e-140	0.582955514931765	0.994	0.94	1.36729878499927e-136
"Rpl10a"	2.36431271843103e-138	0.466859088544414	0.988	0.867	2.97525112487361e-134
"Phospho1"	2.57263033928884e-138	-0.454710201798033	0.098	0.324	3.23739801896108e-134
"Ly6i"	1.89180995583071e-137	-1.05169383217311	0.138	0.365	2.38065364841737e-133
"Nr4a1"	1.13681975774717e-135	1.00552506551672	0.586	0.323	1.43057398314904e-131
"C5ar1"	2.42403989357264e-135	0.621887113011875	0.781	0.535	3.05041180207182e-131
"Gsn"	3.53127745090442e-135	0.547221626191362	0.917	0.755	4.44375954421812e-131
"Aldoa"	5.75267828198817e-135	-0.51857323244864	0.999	0.998	7.23917035005391e-131
"Sec61b"	1.12251925607105e-134	0.541947960756271	0.905	0.739	1.41257823183981e-130
"Cyth4"	1.43445228403074e-134	0.525627814527977	0.725	0.456	1.80511475422428e-130
"Bst1"	3.07648798241091e-133	-0.653627865321833	0.557	0.715	3.87145247706589e-129
"Sdcbp"	4.63765576540554e-133	-0.497340389586086	0.938	0.974	5.83602601518633e-129
"Rnf149"	5.10268289881934e-133	-0.654607154409397	0.547	0.731	6.42121615987426e-129
"Ifi30"	1.44557236149992e-132	0.645883970396326	0.884	0.693	1.8191082597115e-128
"Lrrfip2"	6.13252459267769e-132	-0.518573083160177	0.37	0.604	7.71716894742561e-128
"Atp6v1c1"	1.33155147991354e-131	-0.551145968046707	0.396	0.594	1.6756243823232e-127
"Pgam1"	2.00267673633618e-130	-0.467534882253899	0.977	0.99	2.52016840500544e-126
"Lgmn"	5.40042105037845e-130	0.699986185163059	0.947	0.8	6.79588984979625e-126
"Slc3a2"	3.53123900672924e-128	-0.554194716958086	0.662	0.807	4.44371116606807e-124
"Nme2"	1.41588717187317e-126	0.51804147351302	0.964	0.871	1.7817524170852e-122
"Klf2"	1.03718330122242e-125	0.944642190023009	0.695	0.439	1.3051914662583e-121
"Hmga1"	2.29354143256457e-124	-0.539227707113275	0.609	0.792	2.88619253873926e-120
"Cd24a"	4.09893322481786e-124	-0.769387163922972	0.131	0.361	5.1580975701108e-120
"Atp5g1"	9.64935197465351e-124	0.535409796109822	0.865	0.7	1.2142744524904e-119
"Ctsz"	2.18374435021875e-123	-0.439171611826151	0.989	0.992	2.74802389031528e-119
"Fabp5"	3.21469698435918e-123	-1.29158898469543	0.262	0.519	4.04537468511759e-119
"Nme1"	1.20556975646998e-122	0.512412173166543	0.728	0.494	1.51708898154182e-118
"Aif1"	2.52023631546376e-122	0.554980998619227	0.82	0.579	3.1714653793796e-118
"Psap"	3.06846457681289e-122	-0.639683972071783	0.999	0.999	3.86135582346134e-118
"Btg1"	5.46356883189316e-122	-0.641618239134193	0.941	0.97	6.87535501805436e-118
"Ms4a6b"	5.99393337053292e-122	0.54007461563299	0.792	0.558	7.54276575347863e-118
"Lrp1"	4.92391992594012e-121	0.613692894890343	0.858	0.698	6.19626083480305e-117
"Ncf1"	1.49223459417627e-120	0.495943510790969	0.648	0.378	1.87782801331142e-116
"Slc7a2"	2.7629806032285e-119	-0.615547941492675	0.15	0.383	3.47693479110275e-115
"Pla2g7"	1.06701779070233e-118	-0.619248474378895	0.838	0.91	1.34273518781981e-114
"H2-DMa"	1.14303150946479e-118	0.534184813431264	0.901	0.725	1.4383908515105e-114
"Hcar2"	1.33290737777075e-118	-0.777737398863562	0.178	0.429	1.67733064418671e-114
"Gna13"	2.27963278170838e-117	-0.555366452739382	0.639	0.78	2.86868989250182e-113
"Rab3il1"	4.44026295135103e-117	0.407183114613427	0.337	0.1	5.58762689798014e-113
"Ms4a6c"	7.14417348492633e-117	0.5342132053579	0.922	0.754	8.99022791343129e-113
"Arhgdib"	1.2768614113754e-116	0.41927841349185	0.942	0.773	1.60680240007481e-112
"Ntpcr"	1.32413432768722e-116	0.609243130996668	0.521	0.278	1.6662906379616e-112
"Prdx1"	1.8628125240599e-116	-1.08288211258573	0.974	0.971	2.34416328027698e-112
"Atpif1"	3.11850277516493e-116	0.50645050682128	0.891	0.729	3.92432389226755e-112
"Apoe"	3.86434726176846e-116	1.06601023424746	0.915	0.787	4.86289459420943e-112
"H2-K1"	6.77450538847937e-116	-0.455640730479644	1	1	8.52503758086243e-112
"Mrc1"	2.82300029038354e-115	0.781491568476253	0.444	0.19	3.55246356541865e-111
"Pfkfb3"	3.57721306361154e-115	-0.520389380678546	0.202	0.443	4.50156491924876e-111
"Arrb2"	3.62612817982505e-115	0.483843223268943	0.869	0.693	4.56311970149184e-111
"Clec4e"	4.9330322861504e-115	-0.899160284153606	0.489	0.694	6.20772782889167e-111
"Tmem189"	5.90269269215473e-115	-0.526100818246833	0.619	0.794	7.42794848380752e-111
"Cotl1"	8.14285868986635e-115	0.522449868900162	0.875	0.696	1.02469733753278e-110
"Sdc1"	1.2966537281088e-114	-0.530503794847836	0.065	0.256	1.63170905145212e-110
"Ddit4"	1.57075095029468e-114	-0.829993767603271	0.18	0.408	1.97663299585082e-110
"Emp3"	1.20994634377327e-112	0.464355746887691	0.962	0.839	1.52259647900429e-108
"mt-Co1"	1.45351155847199e-112	0.47406305023129	1	0.995	1.82909894518116e-108
"Atp1a1"	2.83829514233291e-112	0.45331884062258	0.746	0.504	3.57171060711174e-108
"Higd1a"	7.46979110645393e-112	-0.570215358483451	0.67	0.805	9.39998512836163e-108
"Erp29"	1.91238137195753e-111	0.449855022708108	0.922	0.8	2.40654071847135e-107
"Pkm"	3.10168405474884e-111	-0.400300387878775	0.999	1	3.90315921449595e-107
"Ptafr"	1.15241040622268e-110	-0.513201889531031	0.228	0.469	1.45019325519062e-106
"Plpp3"	1.19321344897596e-110	-0.299565147471788	0.024	0.175	1.50153980419134e-106
"Tmem37"	2.55420019169573e-110	0.528388122918189	0.486	0.228	3.21420552122991e-106
"Card19"	4.25169127049194e-110	-0.505415890381675	0.939	0.978	5.35032829478706e-106
"F10"	1.01926252752831e-109	-0.635866727450961	0.259	0.519	1.28263996464163e-105
"Pgk1"	1.72122088479385e-109	-0.52335268289536	0.966	0.988	2.16598436142459e-105
"Mt2"	1.90825798708069e-109	-1.07506092040931	0.244	0.468	2.40135185094234e-105
"P4hb"	2.16990680455264e-109	-0.526492241482886	0.981	0.992	2.73061072284904e-105
"Rps8"	1.73472837570838e-108	0.425009678293906	1	0.998	2.18298218799143e-104
"Nrros"	3.98666376760601e-107	0.501509674388543	0.719	0.491	5.0168176851554e-103
"Clec4a2"	6.9684278172589e-107	0.508565695769173	0.663	0.417	8.76906956523859e-103
"Inpp5d"	9.33353640000084e-107	0.41072526493917	0.475	0.225	1.17453222057611e-102
"Dstn"	2.32178023646438e-106	-0.494695087935666	0.612	0.777	2.92172824956678e-102
"H2-Q6"	3.74485726921694e-106	-0.518215138796688	0.779	0.896	4.7125283875826e-102
"Cd1d1"	4.86450682001804e-106	-0.351120680270378	0.039	0.2	6.1214953823107e-102
"Flna"	1.25485292172541e-105	0.522390478414379	0.71	0.49	1.57910691669925e-101
"Dpep2"	1.25637466079002e-105	0.525926312058089	0.603	0.367	1.58102187313816e-101
"Spp1"	4.92943404205683e-105	1.34131143832199	0.751	0.508	6.20319979852431e-101
"Bin1"	5.15102875172103e-105	0.465093305595062	0.546	0.304	6.48205458116574e-101
"Mirt2"	1.02840192196002e-104	-0.413642908543324	0.063	0.245	1.29414097859449e-100
"Vapa"	5.26504053043421e-104	-0.42037838517496	0.777	0.874	6.6255270034984e-100
"Rgs10"	2.44538046102384e-103	0.539936063085032	0.698	0.49	3.0772667721524e-99
"Lmna"	4.2704343410645e-103	0.569875327044726	0.798	0.61	5.37391457479557e-99
"Smox"	3.70087074389144e-102	-0.623607072227812	0.628	0.787	4.65717574411299e-98
"Gm10260"	9.02579907941842e-102	0.399638094058917	0.983	0.879	1.13580655615401e-97
"Uqcr11"	4.17171967885535e-101	0.431451375296116	0.853	0.691	5.24969204387157e-97
"Lyl1"	8.69906323345487e-101	0.37863762275964	0.395	0.158	1.09469011729796e-96
"Cxcl14"	6.08020569566354e-100	0.650977113638324	0.464	0.229	7.651330847423e-96
"Ssbp4"	5.38038486852366e-99	0.375005530514311	0.463	0.217	6.77067631855017e-95
"Htra3"	7.53730640814471e-99	0.331909839928796	0.224	0.046	9.48494638400931e-95
"Folr2"	2.84251511541436e-97	0.551986534553884	0.424	0.192	3.57702102123743e-93
"Ctsc"	5.7384316077783e-96	0.489221681118416	0.99	0.905	7.22124233522822e-92
"Cd72"	6.29259903420425e-96	0.54688565244384	0.425	0.189	7.91860662464262e-92
"Ctsb"	7.49539564907853e-96	-0.60020225878398	0.996	0.997	9.43220588480042e-92
"Gpr137b"	1.67819799958618e-94	-0.580650725772565	0.463	0.559	2.11184436267925e-90
"Dram1"	2.95482444117367e-94	-0.379801079854779	0.172	0.377	3.71835107677295e-90
"Rpl14"	3.08852378862695e-94	0.378738430782025	0.992	0.926	3.88659833560816e-90
"BC005537"	3.25393667039616e-94	0.440196872628516	0.539	0.302	4.09475390602652e-90
"Fcgr1"	7.89134138593442e-94	0.533788796049318	0.862	0.685	9.93046400005988e-90
"Sgk1"	8.66439199071788e-94	-0.702583785573542	0.493	0.659	1.09032708811194e-89
"Ccl12"	1.75858276806715e-93	1.16514927189636	0.408	0.179	2.2130005553357e-89
"Tgfbi"	6.54434854763889e-93	0.567683569146125	0.947	0.81	8.23540821234877e-89
"Zfand5"	6.79598388185061e-92	-0.544597445943414	0.469	0.65	8.55206611692081e-88
"Arhgap45"	2.70290014927915e-91	0.39403563881595	0.479	0.244	3.40132954785288e-87
"Ehd4"	3.34423398341188e-91	0.377697890315087	0.465	0.231	4.20838404472551e-87
"Igfbp4"	7.06416513452015e-91	0.383870231000301	0.252	0.068	8.88954540528015e-87
"Csk"	1.69300326627629e-90	0.38044163236639	0.541	0.302	2.13047531028208e-86
"Bmyc"	3.63717510275795e-90	0.314624010485419	0.307	0.104	4.5770211493106e-86
"Gapdh"	5.41758487588567e-90	-0.391284664610231	1	0.999	6.81748880781453e-86
"Extl3"	6.37018862394046e-90	0.289857098460066	0.287	0.092	8.01624536436668e-86
"Ralgds"	8.68740804593619e-90	-0.41932207679774	0.169	0.369	1.09322342850061e-85
"Fcgrt"	1.15438832005683e-89	0.491207071603013	0.422	0.203	1.45268226195951e-85
"Lsp1"	3.77291236524201e-89	0.506898192427722	0.792	0.602	4.74783292042055e-85
"Stab1"	1.10367711529044e-88	0.512585456313194	0.467	0.247	1.38886728188149e-84
"Sap30"	1.87078988619059e-88	-0.56586700942393	0.382	0.517	2.35420199278224e-84
"Slamf9"	6.14475500115004e-88	0.450110263831897	0.442	0.212	7.73255969344722e-84
"Ccl3"	6.70872704048382e-88	-0.971932951444074	0.357	0.584	8.44226210774483e-84
"Epn1"	1.12222717316879e-87	0.391800382513956	0.694	0.492	1.41221067471561e-83
"Ctsl"	2.39822326762033e-87	-0.781592894433246	0.968	0.984	3.01792415997342e-83
"Atp5j"	2.44132688140275e-87	0.3663833041265	0.936	0.827	3.07216574755722e-83
"Sdhb"	2.86987956615059e-87	0.388086419692659	0.798	0.612	3.6114564460439e-83
"Il1a"	3.60505546605451e-87	-0.519050072143665	0.052	0.207	4.536601798483e-83
"Bnip3l"	5.81984388676035e-87	-0.432954477858755	0.574	0.74	7.32369154709922e-83
"Unc93b1"	8.63663050816981e-87	0.394609830347893	0.943	0.832	1.08683358314809e-82
"H2-D1"	1.28181570765892e-86	-0.366319169906975	1	1	1.61303688651799e-82
"Jpt1"	2.41373946796104e-86	0.37838962257962	0.833	0.647	3.03744974648218e-82
"Lasp1"	8.39092034945889e-86	-0.44712255699279	0.434	0.583	1.05591341677591e-81
"Fosb"	1.81195151001791e-85	0.501567141378863	0.476	0.259	2.28015978020654e-81
"Rsad2"	2.30390192392044e-85	-0.986383748087534	0.084	0.254	2.89923018106148e-81
"Fkbp5"	2.45424366371126e-85	0.294700582992734	0.282	0.093	3.08842022641425e-81
"Car13"	3.80529579386468e-85	-0.313338536915429	0.109	0.28	4.78858422699932e-81
"Mt1"	1.4974211696491e-84	-1.09655301450016	0.864	0.94	1.88435479988642e-80
"Rpl36a"	1.84127250042019e-84	0.381806280226136	0.987	0.925	2.31705731452877e-80
"Cst3"	1.90415148310891e-84	0.482046530433535	1	0.99	2.39618422634426e-80
"Ccl5"	3.8389327841873e-84	-1.75213914179351	0.11	0.29	4.83091301562129e-80
"Myl6"	4.54076045388723e-84	0.368625187474028	0.992	0.967	5.71409295517169e-80
"Serf2"	5.81291174920491e-84	0.321837692970802	1	0.996	7.31496814519946e-80
"Adcy7"	8.01110272639437e-84	0.252642821090986	0.237	0.065	1.00811716708947e-79
"H2-T22"	1.14248512232142e-83	-0.48288302986611	0.699	0.839	1.43770327792928e-79
"Romo1"	2.46134405737711e-83	0.377803144902844	0.724	0.521	3.09735536180335e-79
"Dock8"	2.82301370405833e-83	0.314627360993735	0.342	0.138	3.552480445187e-79
"Tpd52"	2.91261786877969e-83	-0.387142325014266	0.837	0.919	3.66523832607237e-79
"Ier2"	1.04673277918154e-82	0.551860325495278	0.822	0.639	1.31720852932205e-78
"Ccl7"	1.18600483860465e-82	1.1864063839566	0.535	0.31	1.49246848890009e-78
"Sept9"	1.68255985379308e-82	0.347194556661772	0.445	0.223	2.11733332001321e-78
"Dab2"	3.00555063932111e-82	0.469130685522448	0.837	0.686	3.78218492452168e-78
"Eif5a"	1.03764826338301e-81	0.381912286479546	0.981	0.936	1.30577657464118e-77
"Eif5"	3.30471661501795e-81	-0.42471301644535	0.54	0.689	4.15865538833859e-77
"Trem2"	3.91561970149759e-81	0.393526921396207	0.918	0.787	4.92741583236457e-77
"Hsp90ab1"	8.80198740264004e-81	0.382878783890621	0.995	0.964	1.10764209474822e-76
"Atp6v1a"	9.87831857800304e-81	-0.438000509485242	0.486	0.641	1.2430876098559e-76
"Stk17b"	1.30882148625687e-80	0.418980253617637	0.593	0.381	1.64702095830564e-76
"Dusp4"	1.45476667361602e-80	-0.466846104773999	0.113	0.276	1.83067838207841e-76
"Camk1"	1.50330764625067e-80	0.427743422257516	0.509	0.297	1.89176234204185e-76
"Tnfrsf9"	6.48765818744093e-80	-0.871501862102165	0.082	0.241	8.16406906307566e-76
"Gla"	7.25504488314242e-80	-0.375663049714602	0.205	0.396	9.12974848094642e-76
"Ssr4"	8.9800357549701e-80	0.370642613151324	0.901	0.773	1.13004769940544e-75
"Olfml3"	1.03565305120724e-79	0.305484125008686	0.229	0.064	1.30326579963919e-75
"Dock2"	1.25558202087274e-79	0.346587063014209	0.424	0.21	1.58002441506625e-75
"Ppp1r18"	1.35914206178154e-79	0.369478162991651	0.851	0.689	1.71034437054589e-75
"Wnk1"	1.37980153471682e-79	0.41021677788072	0.513	0.3	1.73634225128765e-75
"Nfic"	3.89339077384377e-79	0.344839085863621	0.392	0.182	4.899442949805e-75
"Tnfrsf11a"	4.59482861664006e-79	0.284524024893313	0.278	0.096	5.78213233117985e-75
"Atp5g3"	7.33898459276453e-79	0.350579467516236	0.977	0.943	9.23537821153488e-75
"Samd8"	1.57015985639631e-78	-0.361578863998149	0.145	0.318	1.97588916328912e-74
"Sigmar1"	3.31008823841402e-78	0.333933952504078	0.402	0.193	4.1654150392202e-74
"Mmp8"	4.43062690955416e-78	-0.688189434206814	0.07	0.228	5.57550090298296e-74
"Naa50"	9.265551477115e-78	-0.418193518891996	0.326	0.441	1.16597699788015e-73
"Ap1b1"	2.11513039297331e-77	0.326207584464943	0.33	0.136	2.66168008651761e-73
"Tgif1"	2.99441958339282e-77	-0.442498605414562	0.425	0.611	3.76817760374153e-73
"Cox4i1"	5.63798703152199e-77	0.294197847699566	0.995	0.97	7.09484288046727e-73
"Wfdc17"	9.60785087125078e-77	-1.08950897196545	0.602	0.787	1.2090519536382e-72
"Sla"	2.41372373136282e-76	0.347072594103852	0.446	0.229	3.03742994354697e-72
"Basp1"	4.38888824294523e-76	-0.50061196372569	0.701	0.793	5.52297696492228e-72
"Rpl36al"	6.3121978420971e-76	0.328450123344453	0.985	0.935	7.94326976449499e-72
"Pou2f2"	8.77344518716891e-76	0.286788977041608	0.231	0.069	1.10405034235334e-71
"Bhlhe41"	1.06932249523931e-75	-0.346350344706545	0.066	0.208	1.34563542800914e-71
"Ass1"	1.56041202312598e-75	-0.724678017573273	0.471	0.641	1.96362248990173e-71
"Tent5c"	2.06951850275612e-75	-0.428295742901741	0.097	0.255	2.60428208386831e-71
"Nr4a2"	3.03798227447637e-75	0.412905178671073	0.268	0.094	3.82299689420107e-71
"Plk2"	3.4650309732026e-75	-0.621678426682978	0.149	0.322	4.36039497667816e-71
"Vat1"	4.16965811531124e-75	-0.437238855984532	0.522	0.652	5.24709777230767e-71
"Pltp"	5.9886733952164e-75	0.648989468620342	0.608	0.406	7.53614660054031e-71
"Atp2b4"	6.50304135934507e-75	0.262150489895997	0.225	0.066	8.18342724659984e-71
"Mef2a"	7.62985854510567e-75	0.360218292571488	0.468	0.259	9.60141399316098e-71
"Kcnn4"	1.05917608235222e-74	0.337554097243495	0.407	0.197	1.33286718203203e-70
"Gpi1"	1.11712327453548e-74	-0.422291488744494	0.975	0.982	1.40578792867545e-70
"Rps27a"	1.19440173136325e-74	0.337935180749241	1	0.997	1.50303513874752e-70
"Rpn1"	1.41383397019488e-74	0.384486751202777	0.507	0.304	1.77916866809323e-70
"Dok2"	2.57029381155253e-74	0.395397691145218	0.48	0.271	3.23445773245771e-70
"Plec"	3.40808435191723e-74	0.44035289175875	0.616	0.413	4.28873334845265e-70
"Itm2b"	3.67676297006547e-74	0.389026471215264	0.999	0.997	4.62683852153039e-70
"Ifngr1"	4.45131017290468e-74	0.47894974224077	0.664	0.497	5.60152872158325e-70
"Gm5150"	5.36325229491605e-74	0.519355836781004	0.546	0.35	6.74911668792236e-70
"Aprt"	7.70224036749379e-74	0.34947433055732	0.972	0.931	9.69249927845419e-70
"Fmnl1"	8.35267166309903e-74	0.356350933026612	0.515	0.304	1.05110020208438e-69
"Smdt1"	1.79466455365448e-73	0.368370459336364	0.893	0.788	2.2584058743188e-69
"Lyn"	1.79509515901382e-73	0.379279542705535	0.826	0.661	2.258947748103e-69
"Chchd10"	1.98606009475229e-73	-0.413499483871465	0.233	0.405	2.49925802323628e-69
"Maf"	2.11866624249718e-73	0.405404339165447	0.405	0.203	2.66612959955845e-69
"Rpl11"	7.38039743672578e-73	0.315028103649149	1	0.994	9.28749213437573e-69
"Hexb"	9.84205038028372e-73	0.540176322527632	0.708	0.556	1.2385236198549e-68
"Mafb"	1.12515917447898e-72	0.574018942174789	0.924	0.811	1.41590030516435e-68
"Adgre1"	1.12692930480762e-72	0.386914904840537	0.462	0.259	1.41812783716991e-68
"Cd9"	1.52435006216533e-72	-0.460433062396908	0.675	0.841	1.91824211822885e-68
"Cfh"	1.7053135695315e-72	0.267004522746541	0.214	0.06	2.14596659589844e-68
"Arpc2"	4.94218116480663e-72	0.290023605806728	0.997	0.992	6.21924077779267e-68
"Upp1"	9.62312468477498e-71	-0.589799877005647	0.436	0.627	1.21097401033208e-66
"Siglec1"	1.01372343110606e-70	0.282221731196361	0.211	0.061	1.27566956570386e-66
"Bri3"	1.56202672089382e-70	-0.347326635407361	0.896	0.942	1.96565442557279e-66
"Gnai2"	1.95939072535302e-70	0.305791150552965	0.983	0.937	2.46569728878424e-66
"Pdia3"	5.94365660573847e-70	0.418551525454329	0.855	0.744	7.47949747266129e-66
"Slfn2"	1.33874464902642e-69	-0.434820611439724	0.728	0.84	1.68467626633484e-65
"Hgsnat"	2.09588076348896e-69	0.325353710513407	0.338	0.157	2.6374563527745e-65
"H2-Q1"	2.88905420649412e-69	-0.383849259280906	0.622	0.775	3.6355858134522e-65
"Mgarp"	3.16953050341257e-69	-0.302085251601408	0.109	0.268	3.98853718549438e-65
"Tpm3-rs7"	1.47533893133259e-68	0.33204549218167	0.492	0.287	1.85656651118894e-64
"Rpl37"	1.50611795348877e-68	0.343499869550049	1	0.994	1.89529883267027e-64
"Slc25a37"	2.11320061257784e-68	-0.316528746668423	0.179	0.354	2.65925165086795e-64
"Mgst3"	9.18900464065144e-68	0.321954691823141	0.43	0.231	1.15634434397958e-63
"Clec4n"	1.35548629883205e-67	-0.595550758139134	0.77	0.809	1.70574395845025e-63
"Rac2"	1.36636073196509e-67	0.362781900522053	0.885	0.751	1.71942834510487e-63
"Cebpb"	1.58080486935944e-67	-0.466027010555198	0.984	0.992	1.98928484760192e-63
"Ndufb11"	2.81504251562311e-66	0.337673083868715	0.741	0.581	3.54244950166012e-62
"Atp6v1g1"	6.65430316009653e-66	-0.306145242762307	0.924	0.957	8.37377509666548e-62
"Adamtsl5"	6.78191332643936e-66	-0.264805719776869	0.061	0.19	8.53435972999129e-62
"Mdm2"	8.76570047509589e-66	-0.432872384721841	0.331	0.509	1.10307574778607e-61
"Abcc3"	2.29907726497578e-65	0.265173469983771	0.294	0.122	2.89315883024552e-61
"Comt"	2.74726779200965e-65	0.314552174956223	0.438	0.253	3.45716178946494e-61
"Ndufb8"	3.8954353278338e-65	0.331293757575934	0.888	0.781	4.90201581654606e-61
"Pmp22"	4.09502431837876e-65	-0.679852994703857	0.222	0.346	5.15317860224784e-61
"Tln1"	7.84614430552238e-65	0.359924538890223	0.758	0.595	9.87358799406936e-61
"Map1lc3b"	1.35880156876584e-64	-0.348512066968547	0.749	0.856	1.70991589413494e-60
"Pnrc1"	1.65487565353194e-64	-0.438032417686076	0.821	0.906	2.08249552240459e-60
"Cox5b"	1.74099020329484e-64	0.307665211304894	0.964	0.904	2.19086207182623e-60
"Il10ra"	2.61180490365919e-64	0.334455052495732	0.454	0.257	3.28669529076472e-60
"Pfn1"	6.3952199576076e-64	0.27976999868661	1	0.999	8.0477447946534e-60
"H2-DMb2"	6.78096896062467e-64	0.569593905066124	0.702	0.537	8.53317134005009e-60
"Myl12b"	1.26686442382467e-63	0.292996417673467	0.965	0.877	1.59422219094096e-59
"Rab9"	1.73478722624656e-63	-0.321127948070816	0.269	0.428	2.18305624550867e-59
"Rpl38"	2.17373646082444e-63	0.362577665349762	0.996	0.967	2.73542996230147e-59
"Soat1"	2.51690809819367e-63	-0.358312339453242	0.396	0.564	3.16727715076691e-59
"Twf2"	3.03148324898424e-63	0.317600614952726	0.48	0.282	3.81481852052177e-59
"2410006H16Rik"	4.46335218982536e-63	-0.527345974266183	0.618	0.735	5.61668239567623e-59
"Rab1b"	7.72814313514549e-63	0.318871126378996	0.655	0.466	9.72509532126709e-59
"Rack1"	8.38721190607508e-63	0.328473132695129	0.954	0.87	1.05544674626049e-58
"Snrpb"	2.57259453566485e-62	0.330730188345383	0.797	0.649	3.23735296368065e-58
"M6pr"	4.52583401502769e-62	-0.31514423563557	0.78	0.865	5.69530952451085e-58
"Eif4ebp1"	5.99074268388058e-62	-0.356596129693974	0.875	0.922	7.53875059339532e-58
"Mcl1"	8.77899218613164e-62	-0.369071799618518	0.905	0.954	1.10474837670281e-57
"Clta"	9.22490003154387e-62	0.312000928496604	0.981	0.952	1.16086141996948e-57
"Rhog"	9.23677427323442e-62	0.289972525496559	0.972	0.901	1.16235567454382e-57
"Rilpl2"	9.7080841418032e-62	-0.464592997417895	0.426	0.521	1.22166530840451e-57
"Creg1"	1.65585622870951e-61	-0.393291175758029	0.706	0.742	2.08372947820805e-57
"Hvcn1"	2.44560407145918e-61	-0.270144314960702	0.113	0.259	3.07754816352424e-57
"Rps11"	2.6233917374969e-61	0.286044829494666	0.999	0.975	3.3012761624661e-57
"Pdpn"	2.66740738275567e-61	-0.51337946616785	0.619	0.709	3.35666545045974e-57
"Cltc"	3.00376551185066e-61	0.357847524098244	0.569	0.39	3.77993852011287e-57
"Procr"	4.27958002417379e-61	-0.270870170525972	0.047	0.166	5.3854235024203e-57
"Slc48a1"	5.12931337398541e-61	-0.402537970884392	0.47	0.594	6.45472794982324e-57
"Tax1bp1"	5.14161787014221e-61	-0.355078615392328	0.503	0.651	6.47021192778695e-57
"Laptm5"	6.79729915845519e-61	0.300608951391313	0.994	0.979	8.55372126100001e-57
"Ciao2a"	7.66687024309609e-61	0.336923173747125	0.791	0.649	9.64798951391212e-57
"Adm"	1.05003755786393e-60	-0.288536345817306	0.018	0.109	1.32136726281596e-56
"Nfam1"	1.41628932203105e-60	0.271939135279338	0.34	0.164	1.78225848284387e-56
"Tm2d2"	1.89382415718044e-60	0.31242329518547	0.545	0.357	2.38318831939586e-56
"Ccnd3"	1.916490230449e-60	0.310776432489639	0.516	0.319	2.41171130599702e-56
"Cybb"	3.24808678836404e-60	-0.44836679446738	0.727	0.793	4.0873924144773e-56
"Acsl1"	3.69243686903661e-60	-0.35012696952134	0.143	0.292	4.64656255599567e-56
"Cox6a1"	4.05649562194068e-60	0.299088928990691	0.931	0.842	5.10469409065015e-56
"Psmb2"	5.69291497396414e-60	0.317368009108983	0.814	0.667	7.16396420323648e-56
"Akr1b3"	5.72265138653885e-60	0.290658008455747	0.425	0.236	7.20138450482049e-56
"Lrrc25"	6.30321997551426e-60	0.32174831165187	0.502	0.31	7.93197201718714e-56
"Cyb5a"	3.35360162839756e-59	-0.373766983175629	0.514	0.592	4.2201722891755e-55
"Snhg12"	7.47953318382484e-59	-0.329915233870314	0.171	0.303	9.41224455852518e-55
"Rps17"	8.04471184528245e-59	0.342733961472793	0.915	0.826	1.01234653861034e-54
"Cxcl16"	1.09243772013556e-58	-0.377017416909435	0.885	0.916	1.37472362701859e-54
"Fuca1"	1.64999904580044e-58	0.308330603141826	0.634	0.45	2.07635879923527e-54
"Ube2d3"	2.05350079675104e-58	-0.296528922160374	0.932	0.958	2.58412540263151e-54
"Nop10"	3.0873031122428e-58	0.327078098333839	0.705	0.536	3.88506223644634e-54
"Tiparp"	4.01988866154105e-58	-0.374684621690023	0.249	0.41	5.05862789168325e-54
"Ap2a2"	5.16978775301389e-58	0.289057055968445	0.361	0.188	6.50566090839268e-54
"Ptms"	8.09502683773364e-58	0.340651413178664	0.858	0.739	1.0186781772604e-53
"Fnip2"	8.65132670276977e-58	-0.314467900810417	0.184	0.34	1.08868295227655e-53
"Atp5j2"	1.92832207911007e-57	0.294996454214277	0.952	0.892	2.42660050435211e-53
"Ilk"	3.69391806579636e-57	0.3037036038507	0.581	0.394	4.64842649399814e-53
"Txn1"	6.25194956588717e-57	-0.32695264854585	0.958	0.978	7.86745333371241e-53
"Slamf7"	6.82691439690351e-57	-0.289687481173612	0.056	0.165	8.59098907706338e-53
"Igsf6"	7.91189548587094e-57	-0.335141865706518	0.414	0.54	9.95632927941999e-53
"Limd2"	9.39215231437613e-57	0.327136918613933	0.514	0.321	1.18190844724109e-52
"Fkbp2"	9.7118584296468e-57	0.303625418388995	0.629	0.445	1.22214026478675e-52
"Irf7"	1.06076667954442e-56	-0.514762720442322	0.677	0.823	1.3348687895387e-52
"Mthfsl"	1.26048951859065e-56	-0.327840514734013	0.336	0.471	1.58620001019447e-52
"Rpl35a"	1.64027716681569e-56	0.27105870953196	1	0.985	2.06412478672086e-52
"Parp10"	1.67031941002639e-56	-0.303184323282144	0.185	0.344	2.10192994557721e-52
"Ankrd33b"	2.37239940354016e-56	-0.267445557356125	0.041	0.148	2.98542740941494e-52
"Rps7"	3.02854865947644e-56	0.288659222837417	0.999	0.976	3.81112563308516e-52
"Csf2ra"	3.83398702267741e-56	0.315910543814918	0.827	0.678	4.82468926933725e-52
"Dok3"	4.00390306876255e-56	0.313942246004514	0.628	0.446	5.03851162173079e-52
"Ankrd37"	4.62863346583587e-56	-0.423470628267059	0.286	0.45	5.82467235340785e-52
"Tnfaip2"	5.39487892511972e-56	-0.376080506784117	0.343	0.534	6.78891563937066e-52
"Ndufa13"	7.15700350008666e-56	0.300352875270723	0.851	0.735	9.00637320450905e-52
"Calm1"	7.82943011502457e-56	0.334617886823292	0.995	0.983	9.85255485674692e-52
"Eno2"	8.30641137589058e-56	-0.283160345528066	0.202	0.371	1.04527880754207e-51
"Fam20c"	1.48259306981193e-55	-0.452213887920598	0.295	0.431	1.86569511905133e-51
"Ccrl2"	2.3411539571113e-55	-0.435612587429144	0.533	0.718	2.94610813962886e-51
"Lsm7"	3.04336874068155e-55	0.289230409885156	0.448	0.269	3.82977522327367e-51
"Eno1b"	3.16099837687883e-55	-0.321544064002342	0.76	0.853	3.97780035746433e-51
"Pdia6"	3.56809348564926e-55	0.404488445265549	0.715	0.577	4.49008884234103e-51
"Btg3"	7.56319988576296e-55	-0.308340757306668	0.2	0.352	9.51753073624411e-51
"Rpl3"	9.61371638041781e-55	0.294855239468369	0.993	0.952	1.20979006931178e-50
"Actb"	1.13931192201979e-54	0.337585484255836	1	1	1.43371012266971e-50
"S100a10"	1.87572547026652e-54	0.387824533099269	0.973	0.946	2.36041293178339e-50
"Mmp13"	2.51011188610504e-54	-0.6367908258877	0.052	0.16	3.15872479747459e-50
"Tmem140"	2.63703646299139e-54	-0.374262721845495	0.22	0.371	3.31844668502836e-50
"Malt1"	4.49699502100795e-54	-0.302944719262197	0.114	0.254	5.6590185344364e-50
"Ost4"	5.54212301738506e-54	0.284670813415119	0.954	0.895	6.97420760507736e-50
"Ddit3"	1.00668120671325e-53	-0.274425647637488	0.113	0.254	1.26680763052795e-49
"Vdac1"	2.46970790321509e-53	-0.357266660715992	0.728	0.779	3.10788042540587e-49
"Hnrnpa2b1"	3.2155476410737e-53	0.322444576943071	0.887	0.769	4.04644515152715e-49
"Tbxas1"	4.58869648813693e-53	0.261640938920245	0.346	0.182	5.77441566067152e-49
"Apobec1"	4.91667261901208e-53	0.379549944138023	0.755	0.616	6.1871408237648e-49
"Plxnb2"	4.91802186254456e-53	0.292756221136722	0.481	0.304	6.18883871182607e-49
"H2-DMb1"	5.03365601214506e-53	0.424921825990193	0.419	0.262	6.33435272568335e-49
"Eno1"	8.43278369041754e-53	-0.351409479198554	0.956	0.973	1.06118149960214e-48
"Plod1"	1.12816166886671e-52	0.285700773107418	0.408	0.24	1.41967864410187e-48
"Ndufa4"	2.32255182457406e-52	0.329247723391574	0.812	0.688	2.922699216044e-48
"Jaml"	3.25111408126285e-52	0.343357130017628	0.491	0.31	4.09120195986117e-48
"Bax"	5.00207308971562e-52	-0.302105928106756	0.839	0.887	6.29460877609814e-48
"Adam10"	6.15186060437503e-52	0.259356103829631	0.334	0.179	7.74150138454554e-48
"Ndufb4"	8.23448935262744e-52	0.291155130327964	0.727	0.579	1.03622814013464e-47
"Ifrd1"	8.43713878563906e-52	-0.489392935282241	0.526	0.68	1.06172954478482e-47
"Mbnl1"	1.38207449733752e-51	0.260972193889823	0.351	0.188	1.73920254744954e-47
"Rpl35"	1.58604852375337e-51	0.293581243166726	0.999	0.988	1.99588346229124e-47
"Ly6e"	1.62313318933492e-51	0.42170590538028	0.965	0.94	2.04255080545906e-47
"Msr1"	2.36248350975474e-51	0.327674708802079	0.852	0.735	2.97294924867537e-47
"Ndufa3"	2.3778313421958e-51	0.308695478032925	0.83	0.727	2.9922629610192e-47
"Cmtm7"	2.64845002690548e-51	0.303102690149559	0.824	0.701	3.33280951385786e-47
"Tifab"	3.5141821531863e-51	0.2608440458693	0.5	0.315	4.42224682156964e-47
"Rps4x"	3.68786024343497e-51	0.299345947691	0.999	0.991	4.64080333033857e-47
"Znrf1"	6.45703743544193e-51	-0.258203408584323	0.209	0.369	8.12553590876012e-47
"Celf2"	7.84412310868045e-51	0.259999389480969	0.353	0.194	9.87104451996347e-47
"Srgn"	9.10986467878374e-51	-0.415988519712348	0.995	0.994	1.14638537117815e-46
"Gyg"	1.51309354528999e-50	-0.346581082980834	0.395	0.545	1.90407691739292e-46
"Apoc2"	2.45380392740576e-50	0.538389565048239	0.55	0.417	3.08786686224741e-46
"Lhfpl2"	2.7211062989206e-50	-0.316270380792251	0.174	0.312	3.42424016656168e-46
"Acod1"	2.92981917191667e-50	-0.476278596237802	0.221	0.389	3.68688444593994e-46
"Cbr2"	2.93860596498261e-50	0.388369441522045	0.134	0.032	3.69794174633411e-46
"Egln3"	3.12328155478152e-50	-0.34278103409587	0.194	0.348	3.93033750853706e-46
"Rps21"	3.38962267296448e-50	0.29115911754193	0.996	0.969	4.2655011716585e-46
"Snx2"	3.62675304580968e-50	0.36029748925463	0.592	0.438	4.5639060328469e-46
"Cd33"	3.85663456288885e-50	0.257335027170043	0.237	0.1	4.85318893393933e-46
"Cd164"	4.79518149764513e-50	-0.274269427642365	0.239	0.405	6.03425639663663e-46
"Tsc22d4"	6.02096827048602e-50	0.295308796051118	0.684	0.524	7.57678647157961e-46
"1810058I24Rik"	8.94341510462634e-50	-0.294393420296669	0.717	0.79	1.12543935676618e-45
"C3"	1.00970630898083e-49	-0.476174938128431	0.278	0.44	1.27061441922147e-45
"Clec4a3"	1.05554585165169e-49	0.290003955335235	0.367	0.2	1.32829889971848e-45
"Fermt3"	1.19022773397562e-49	0.296051332498534	0.671	0.506	1.49778258043492e-45
"Slc25a3"	1.32811505870967e-49	0.27139086322129	0.959	0.914	1.67129998988025e-45
"Naaa"	1.37318641147215e-49	0.27694166691971	0.307	0.152	1.72801778019656e-45
"Clec4a1"	2.40372112669622e-49	0.325118197732514	0.477	0.302	3.02484266583452e-45
"Gabarapl1"	2.50994864775579e-49	-0.270702539453615	0.249	0.38	3.15851937833589e-45
"Ndufc1"	3.94591249810691e-49	0.309293307788019	0.767	0.649	4.96553628761774e-45
"Cd52"	1.17749841602181e-48	0.33001494665798	0.973	0.935	1.48176400672184e-44
"Rpl6"	1.24715462628481e-48	0.271164303098591	1	0.99	1.5694193817168e-44
"Clec12a"	1.25716854423867e-48	0.311195624568313	0.417	0.244	1.58202089606994e-44
"Scand1"	1.5175468644852e-48	-0.276144407385272	0.912	0.949	1.90968097426818e-44
"Atp5a1"	2.83122263063686e-48	0.297157837113476	0.742	0.614	3.56281055839342e-44
"Esyt1"	2.93017646133908e-48	0.269210429271532	0.416	0.254	3.6873340589491e-44
"Timm10b"	3.46447629976001e-48	0.272611871882685	0.803	0.663	4.359696975618e-44
"Ftl1-ps1"	3.83982141650155e-48	-0.269428407502502	0.245	0.375	4.83203127052556e-44
"Dpm3"	4.06227807171144e-48	0.279492764581637	0.562	0.394	5.11197072544167e-44
"Sdf2l1"	4.63554948146959e-48	0.360294345242975	0.523	0.366	5.83337546748133e-44
"Glo1"	6.3777502227616e-48	0.253885443410902	0.486	0.31	8.0257608803232e-44
"Mrpl33"	7.06266312100876e-48	0.29053090306407	0.848	0.737	8.88765527147742e-44
"Mgst1"	7.36267640555192e-48	-0.427516355990591	0.425	0.554	9.26519198874654e-44
"Arhgap30"	9.20581422962486e-48	0.271075907516048	0.426	0.259	1.15845966265599e-43
"Creb5"	1.4942376400178e-47	-0.30772388578062	0.393	0.508	1.8803486461984e-43
"Osbpl8"	1.51145462863299e-47	-0.315228209658033	0.261	0.401	1.90201450467176e-43
"Gde1"	1.76182429613005e-47	-0.32475318520414	0.419	0.513	2.21707969425005e-43
"Ranbp1"	1.87089717197346e-47	0.3301104439673	0.564	0.403	2.35433700121141e-43
"Serinc3"	1.9391583594164e-47	0.312827098889776	0.496	0.344	2.44023687948959e-43
"Naa38"	2.33371643863547e-47	0.251625595261218	0.435	0.265	2.93674876637887e-43
"S100a8"	2.39148936990948e-47	-0.561223902674104	0.458	0.637	3.00945022309409e-43
"Slamf8"	3.17129470466571e-47	-0.350640598348483	0.244	0.39	3.99075725635133e-43
"Cd40"	4.04170962277927e-47	-0.315584110611766	0.201	0.351	5.08608738930544e-43
"Wdfy1"	5.19082728346485e-47	-0.267132281871741	0.204	0.326	6.53213705351217e-43
"Irak2"	5.54508842681533e-47	-0.303145622823677	0.308	0.456	6.97793927630441e-43
"Smpdl3b"	5.79761221996121e-47	-0.293601913655269	0.274	0.34	7.29571521759919e-43
"Tnip1"	5.8041096818506e-47	-0.271925164451695	0.219	0.327	7.30389162364079e-43
"Gnas"	6.81195820349209e-47	-0.260491506365134	0.863	0.943	8.57216820327444e-43
"Atp5e"	8.21740025192813e-47	0.251386619373474	0.995	0.981	1.03407764770264e-42
"Cd53"	9.29688150445108e-47	-0.288299435343916	0.773	0.863	1.16991956852012e-42
"Havcr2"	1.67152682084361e-46	0.286649615016282	0.405	0.25	2.1034493513496e-42
"Sp140"	1.83481198258868e-46	-0.367474799159628	0.559	0.685	2.30892739888959e-42
"Kctd12"	2.02424798049282e-46	0.250406877998894	0.302	0.152	2.54731365865216e-42
"Psmb3"	2.19188859655964e-46	0.285192628910011	0.84	0.734	2.75827260991065e-42
"Plk3"	4.72462405037499e-46	0.365290476108532	0.526	0.366	5.94546690499188e-42
"Plp2"	4.81071462891071e-46	0.318589125378401	0.843	0.758	6.05380328902124e-42
"Zfas1"	6.77739351003319e-46	-0.328171415728593	0.222	0.343	8.52867199302576e-42
"Traf1"	9.36128615528119e-46	-0.26019296164003	0.11	0.239	1.17802424978058e-41
"Atp13a2"	1.15723051518443e-45	0.266810935949525	0.476	0.309	1.45625888030809e-41
"Myo1f"	1.93400523752539e-45	0.255565206972273	0.452	0.283	2.43375219090195e-41
"Calr"	2.65331647867731e-45	0.333992778668246	0.813	0.698	3.33893345676752e-41
"Rtcb"	3.18304558392446e-45	0.290740744690668	0.534	0.373	4.00554456281054e-41
"Dnajc5"	5.59899950007915e-45	-0.271725259251195	0.341	0.476	7.0457809708996e-41
"Rpl28"	6.19249860351635e-45	0.255695655765818	1	0.989	7.79264024266498e-41
"Nedd8"	6.81044958935666e-45	0.256135134816635	0.884	0.79	8.57026976324642e-41
"Hsp90b1"	6.82581224507789e-45	0.370697022674152	0.832	0.727	8.58960212920602e-41
"Slc11a1"	7.24109265961481e-45	-0.318839715177726	0.601	0.685	9.11219100285927e-41
"Ptpn6"	9.00369325740643e-45	0.258497511387375	0.633	0.46	1.13302475951203e-40
"Zfp36"	9.42809862450378e-45	0.485588980589124	0.936	0.885	1.18643193090756e-40
"Sh3glb1"	1.08241291571015e-44	-0.264872449545615	0.936	0.951	1.36210841312965e-40
"Cytip"	1.42248770151965e-44	0.304271704055355	0.318	0.167	1.79005852359233e-40
"Pgls"	5.35067415637083e-44	0.27564788005325	0.752	0.618	6.73328835837706e-40
"Junb"	5.89404709062513e-44	0.48390202336592	0.955	0.923	7.41706885884266e-40
"Lamtor2"	8.70509216687462e-44	0.25718104786508	0.846	0.733	1.0954487982795e-39
"Slc6a8"	1.06946904144364e-43	-0.251529116829637	0.161	0.284	1.34581984175268e-39
"Cox5a"	1.18155095163464e-43	0.276732801113699	0.937	0.892	1.48686371753704e-39
"Azin1"	2.30650255934616e-43	-0.292360707882463	0.266	0.396	2.90250282068121e-39
"Ndufb2"	2.69202740187846e-43	0.263179892442776	0.553	0.398	3.38764728252386e-39
"Rgs1"	2.94994525543876e-43	-0.552265336305235	0.704	0.781	3.71221110944414e-39
"Macf1"	3.19669670530946e-43	0.269362519882502	0.385	0.237	4.02272313396142e-39
"Arl8b"	3.48829763085087e-43	-0.270033522220735	0.374	0.481	4.38967373866273e-39
"Ubl3"	5.04383361785828e-43	0.260923828391442	0.548	0.383	6.34716022471286e-39
"Pira2"	1.05832712511217e-42	0.312702198075607	0.488	0.332	1.33179885424116e-38
"Rpl5"	1.10669357964528e-42	0.260654960173486	0.893	0.785	1.39266320062562e-38
"Pitpna"	1.14970959270383e-42	0.26775665150765	0.718	0.567	1.4467945514585e-38
"Ostc"	1.24457408360429e-42	0.270482159973701	0.596	0.452	1.56617202680763e-38
"Rpl21"	1.55833913319507e-42	0.251621617578032	0.999	0.988	1.96101396521267e-38
"Ghitm"	2.14621715920209e-42	-0.267851364101749	0.534	0.627	2.70079967313991e-38
"Park7"	2.5993014002154e-42	0.261318293261236	0.787	0.651	3.27096088203106e-38
"Atf3"	3.0763901342311e-42	-0.531160187589823	0.619	0.735	3.87132934491641e-38
"Rps28"	3.40424588162275e-42	0.283451528881952	0.995	0.967	4.28390301743407e-38
"Ywhab"	4.53871258575554e-42	0.267119988956429	0.787	0.66	5.71151591791477e-38
"Ppp1r15a"	5.0327985270493e-42	-0.383224400211453	0.463	0.592	6.33327366643883e-38
"Arrdc4"	5.50207034618532e-42	-0.323445383237127	0.45	0.594	6.92380532363961e-38
"Lilr4b"	7.57151947920873e-42	-0.347339459806135	0.83	0.9	9.52800011263626e-38
"Rbm39"	1.23520042068333e-41	-0.28333014574933	0.836	0.892	1.5543762093879e-37
"Svbp"	1.3871088773129e-41	0.269930823600734	0.678	0.536	1.74553781121056e-37
"Rgs2"	1.49887989264735e-41	0.310494587215658	0.384	0.235	1.88619045690743e-37
"Ppp1ca"	1.74791987396477e-41	0.250155925947605	0.895	0.805	2.19958236939726e-37
"H2afz"	2.67906931201313e-41	0.308273248263866	0.962	0.904	3.37134082223732e-37
"Blvrb"	3.3314880064667e-41	-0.342567004287369	0.701	0.762	4.1923445073377e-37
"Mettl9"	6.9203579533263e-41	-0.253302887121979	0.349	0.468	8.70857844846582e-37
"Ifitm6"	7.09722122609296e-41	0.506828589172907	0.428	0.291	8.93114319091538e-37
"Dynll1"	7.61893993382397e-41	0.265865126914733	0.891	0.793	9.58767401272409e-37
"Wdr1"	9.42393980278456e-41	0.255610205926989	0.733	0.588	1.18590858478241e-36
"Tnfaip8l2"	2.20986681950165e-40	0.261299915097518	0.563	0.404	2.78089640566088e-36
"Susd3"	2.27709340044536e-40	0.251797876471866	0.419	0.265	2.86549433512044e-36
"Klra2"	2.4100227301891e-40	0.278935508957256	0.468	0.317	3.03277260366997e-36
"Selenof"	2.60348539381937e-40	0.251481797643725	0.839	0.733	3.2762260195823e-36
"Rabac1"	3.09222795557651e-40	-0.268750246087525	0.71	0.798	3.89125965929748e-36
"Sra1"	4.07297753019682e-40	-0.252335130771757	0.56	0.686	5.12543492399968e-36
"Cyfip1"	5.21768843100152e-40	0.252649064590772	0.558	0.398	6.56593912157232e-36
"Gstm1"	6.40883813046755e-40	-0.26429136315863	0.151	0.262	8.06488190338037e-36
"Rassf4"	1.66347995606831e-39	0.276008791830448	0.486	0.331	2.09332317671636e-35
"Ctla2b"	2.64376083452698e-39	0.283381645965457	0.314	0.177	3.32690863416875e-35
"1700017B05Rik"	2.9231648424547e-39	-0.276712111920953	0.338	0.452	3.67851063774499e-35
"Arl1"	3.23857210153082e-39	-0.250794165619281	0.415	0.539	4.07541913256639e-35
"Pik3r5"	3.52203132623974e-39	-0.288444283496189	0.271	0.385	4.43212422094009e-35
"Hmgb2"	3.55402577771069e-39	-0.321068175039203	0.389	0.508	4.47238603867113e-35
"Tnfrsf1b"	4.33429685217456e-39	-0.285704151839144	0.378	0.516	5.45427915877647e-35
"Tarm1"	4.45906297052782e-39	-0.296412711397722	0.236	0.365	5.61128484211221e-35
"Sirpa"	4.89816050695398e-39	-0.259158506979498	0.843	0.874	6.16384518195089e-35
"H3f3b"	4.94957066035339e-39	-0.3418200768205	0.998	0.998	6.22853971898871e-35
"Cfb"	6.06907416650285e-39	-0.579738207033625	0.28	0.338	7.63732293112718e-35
"Rps6"	1.73658409671292e-38	0.256149658874727	0.942	0.866	2.18531742730353e-34
"Glud1"	1.78365752790583e-38	0.25994347543753	0.607	0.465	2.2445546331167e-34
"Serpina3g"	2.70303236052296e-38	-0.270694655646468	0.092	0.205	3.40149592248209e-34
"G530011O06Rik"	3.18334300181546e-38	0.269230558340102	0.263	0.133	4.00591883348458e-34
"Rps29"	7.44146076010657e-38	0.339240888270735	0.998	0.996	9.36433422051811e-34
"Hopx"	9.03518968990406e-38	0.350223711128273	0.402	0.269	1.13698827057753e-33
"Adipor1"	1.01146692343374e-37	-0.263968511191063	0.833	0.9	1.27282997644902e-33
"Cd93"	1.43567469798633e-37	0.273932806246888	0.57	0.418	1.806653039946e-33
"Cxcl3"	1.88292289795964e-37	-1.80234576580081	0.08	0.172	2.36947017479242e-33
"4930430E12Rik"	2.71033490453374e-37	-0.363037881129268	0.403	0.519	3.41068544386526e-33
"Slc25a4"	3.10110443624867e-37	0.256248210024395	0.44	0.287	3.90242982257532e-33
"Pycard"	3.23250726749706e-37	0.26390085444793	0.653	0.505	4.0677871454183e-33
"Tbc1d9"	3.31438998680832e-37	-0.310505245196437	0.435	0.548	4.17082835939959e-33
"Mcemp1"	5.69116442811704e-37	-0.306740429864826	0.279	0.401	7.16176131634248e-33
"Rgcc"	5.909254468876e-37	-0.39055721701557	0.263	0.408	7.43620582363356e-33
"Fpr2"	6.45142428527161e-37	-0.269828134122457	0.235	0.312	8.11847232058579e-33
"Tgm2"	7.25636357485796e-37	0.327088691256493	0.706	0.57	9.13140792260126e-33
"Bola2"	1.51035765648567e-36	0.267377773901784	0.653	0.525	1.90063407492157e-32
"Myh9"	1.69428979575293e-36	0.305901456640103	0.76	0.642	2.13209427897549e-32
"Ccl4"	2.80482603067503e-36	-0.880199077033406	0.407	0.539	3.52959307700146e-32
"Trem1"	2.99551920531608e-36	0.338428812208878	0.469	0.323	3.76956136796975e-32
"Hebp1"	4.34478893224088e-36	0.290424109712436	0.554	0.428	5.46748239233192e-32
"Pim1"	5.24886573731775e-36	-0.34890957380629	0.745	0.833	6.60517264384066e-32
"Hk2"	6.75047134337098e-36	-0.269267074107686	0.245	0.373	8.49479313849804e-32
"Por"	9.98245836216547e-36	-0.285511833635287	0.318	0.429	1.2561925602949e-31
"Selplg"	2.13021871975807e-35	0.276830419860511	0.758	0.662	2.68066723694356e-31
"Vcp"	9.66246697611904e-35	0.256059362257189	0.592	0.458	1.21592484427482e-30
"Manf"	2.81245893322213e-34	0.309407517787569	0.713	0.607	3.53919832156673e-30
"Slc25a5"	2.91854412127878e-34	0.26631157365882	0.788	0.694	3.67269592221721e-30
"Sox4"	6.16689201919851e-34	-0.397685913383816	0.073	0.145	7.7604169169594e-30
"Snhg8"	6.97897346689053e-34	-0.255804370419418	0.276	0.385	8.78234021073505e-30
"Klf4"	1.03649142845456e-33	0.385108177359182	0.583	0.46	1.30432081356722e-29
"Gng10"	1.69922629037076e-33	0.251858864578406	0.749	0.63	2.13830636380256e-29
"Ctsa"	2.21404789360528e-33	-0.261856104525845	0.951	0.954	2.78615786931289e-29
"Tuba1c"	3.33279954667801e-33	0.289686646362433	0.62	0.492	4.1939949495396e-29
"Pdlim7"	5.57032328729279e-33	0.256869970093655	0.553	0.426	7.00969482472925e-29
"Btg2"	5.582358674071e-33	0.350664227513975	0.499	0.374	7.02484015545095e-29
"Cd14"	1.08850425059774e-32	-0.38430523121089	0.945	0.938	1.3697737489522e-28
"Lst1"	1.33363808654313e-32	0.273328314127386	0.798	0.676	1.67825016810587e-28
"Ctsd"	2.5630306299297e-32	-0.309391627830367	0.97	0.989	3.22531774470353e-28
"Zfp36l1"	2.96186806234808e-32	0.371299578880058	0.738	0.632	3.72721476965882e-28
"Ifit1"	3.217786413833e-32	-0.508117799114495	0.082	0.149	4.04926242316745e-28
"Brd2"	4.2410686559368e-32	-0.259846128202746	0.587	0.684	5.33696079663087e-28
"Sat1"	7.16268457831857e-32	-0.326441655913871	0.941	0.957	9.01352227335608e-28
"Hspa1a"	7.31926985315662e-32	-0.772965981810197	0.141	0.232	9.2105691832123e-28
"H2-Eb1"	1.21493169581406e-31	0.328953446241602	0.705	0.765	1.52887004601241e-27
"Il4ra"	1.08257667246687e-30	0.25095814657959	0.619	0.481	1.36231448463231e-26
"Cdk2ap2"	1.54533972362813e-30	0.27808521507845	0.643	0.509	1.94465550821364e-26
"Ifitm1"	1.81179757549017e-30	0.476267799392	0.617	0.651	2.27996606899683e-26
"Fam162a"	2.45116287191412e-30	-0.309710187918166	0.685	0.747	3.08454335801673e-26
"Hsp90aa1"	2.55787208854277e-30	-0.346207573220601	0.628	0.698	3.21882623622222e-26
"Ecm1"	3.06131820408149e-30	0.394081858976577	0.756	0.693	3.85236282801615e-26
"Itgam"	4.18347330127506e-30	0.253895486943538	0.871	0.792	5.26448280232454e-26
"Clic4"	4.46677495977266e-29	-0.26499940218975	0.683	0.746	5.62098960937792e-25
"Isg15"	6.76142215063068e-29	-0.533818669226381	0.518	0.636	8.50857363435365e-25
"Impa2"	2.62690157630289e-28	-0.25520542421782	0.282	0.367	3.30569294361955e-24
"Anpep"	3.34047173674051e-28	-0.277058002371777	0.238	0.349	4.20364963351426e-24
"Cyp4f18"	5.93316922369169e-28	0.33898115333514	0.435	0.319	7.46630015109362e-24
"Ltc4s"	8.16469163331648e-27	0.258314507213727	0.171	0.082	1.02744479513655e-22
"Vegfa"	2.29469426029795e-26	-0.268605496742534	0.308	0.433	2.88764325715894e-22
"Gbp2"	9.42694013776049e-26	-0.308931206140147	0.529	0.654	1.18628614693578e-21
"Hspa1b"	3.30766689241113e-25	-0.280284319689275	0.041	0.105	4.16236801741016e-21
"Socs1"	8.98128915979335e-25	-0.291793065694771	0.378	0.506	1.1302054278684e-20
"Cd74"	6.78400645715455e-24	0.376641700698548	0.93	0.937	8.53699372568328e-20
"Ifit2"	1.04104768845022e-23	-0.290900033350556	0.052	0.106	1.31005441114575e-19
"Fbxl5"	1.36738154482359e-23	-0.25745733350245	0.499	0.56	1.720712936006e-19
"Selenbp2"	7.33153975059024e-23	-0.272060698543993	0.13	0.2	9.22600962214276e-19
"Nfkbiz"	5.27790259778596e-22	0.266329427903296	0.446	0.336	6.64171262905385e-18
"Arg1"	1.15073225297612e-21	-0.377303602402678	0.751	0.821	1.44808146714515e-17
"Ptgs2"	1.862453062308e-21	-0.391848424494821	0.196	0.286	2.34371093360839e-17
"Timp2"	5.70938441202506e-20	0.282156731651564	0.484	0.379	7.18468934409234e-16
"Ifi27l2a"	5.74427359426118e-20	0.251545801255814	0.828	0.736	7.22859389101827e-16
"H1f0"	6.95271095246005e-20	-0.321194866151546	0.439	0.492	8.74929146257573e-16
"Gadd45b"	1.19816587017382e-18	-0.251852265009034	0.25	0.349	1.50777193102673e-14
"Nfkbia"	4.5236139603226e-18	-0.340482151792322	0.832	0.882	5.69251580766996e-14
"Bst2"	7.05332480502681e-18	-0.260375300425551	0.844	0.858	8.87590393464573e-14
"Cdkn1a"	1.15742102032364e-17	-0.262036364375414	0.772	0.819	1.45649861197527e-13
"Phlda1"	1.55067575492177e-17	-0.356347105521834	0.318	0.358	1.95137036999355e-13
"Osm"	3.41665581691362e-17	0.25038860476841	0.389	0.294	4.2995196800041e-13
"Pf4"	4.2222683338064e-17	0.527894345562052	0.556	0.46	5.31330247126197e-13
"Oasl1"	3.63123805931119e-14	-0.271168393835739	0.102	0.144	4.5695499738372e-10
"Gbp4"	2.15756809273651e-13	-0.285118495464999	0.483	0.555	2.71508368789963e-09
"S100a9"	7.87336398908031e-13	1.64164846602051	0.214	0.265	9.90784124385867e-09
"Nupr1"	1.69604818594572e-12	-0.285900299964528	0.458	0.494	2.13430703719409e-08
"Selenom"	2.81554877973916e-12	0.27097139309149	0.72	0.658	3.54308658442376e-08
"Cxcl9"	4.05343009612739e-09	-0.414001882706981	0.177	0.233	5.10083643296671e-05
"Tnf"	3.65728182734143e-07	-0.257971030435504	0.28	0.301	0.00460232345152646
"Ccl8"	1.08573848667136e-06	0.789487941634095	0.193	0.152	0.0136629331162723
"Gm47283"	2.1295236078118e-06	-0.340986869559595	0.327	0.353	0.0267979250807037
